Time: 2017-08-30 20:32:50.353352  Beginning markovification
Time: 2017-08-30 20:32:50.435632  Type: Simple
