Time: 2017-07-23 02:51:38.503615  We used good old simple markov chain
Time: 2017-07-23 02:51:50.359821  We used good old simple markov chain
Time: 2017-07-23 02:52:27.564717  We used good old simple markov chain
